107	0.378345
1684	0.215158
1912	0.193549
698	0.147048
1085	0.143740
3437	0.134079
0	0.107108
567	0.105510
1718	0.081396
136	0.079353
428	0.052587
1577	0.052151
58	0.042746
563	0.040734
414	0.032819
1465	0.031214
860	0.028913
594	0.027976
348	0.025998
686	0.014969
3980	0.012390
483	0.009757
171	0.008844
862	0.005960
2543	0.005781
1534	0.004112
1405	0.003951
1666	0.003832
376	0.003670
1505	0.003521
3830	0.003218
475	0.003044
1420	0.003028
526	0.002955
713	0.002508
484	0.002273
2347	0.002198
34	0.002197
173	0.002023
828	0.001985
1361	0.001827
745	0.001818
719	0.001642
1165	0.001589
805	0.001527
637	0.001510
596	0.001463
747	0.001361
1656	0.001334
1171	0.001325
353	0.001264
389	0.001188
830	0.001187
1941	0.001184
703	0.001141
2007	0.001090
566	0.001046
697	0.000990
2047	0.000986
1419	0.000985
517	0.000959
651	0.000959
4031	0.000957
1642	0.000952
823	0.000944
3756	0.000928
1758	0.000916
363	0.000896
606	0.000868
2266	0.000854
198	0.000843
2289	0.000836
3877	0.000824
2268	0.000814
580	0.000803
3684	0.000793
119	0.000761
366	0.000735
538	0.000727
2542	0.000679
3495	0.000677
3561	0.000663
3633	0.000653
803	0.000634
2189	0.000628
2133	0.000624
2468	0.000606
2117	0.000602
990	0.000597
3851	0.000593
3456	0.000582
3948	0.000576
1726	0.000571
3677	0.000571
373	0.000566
1352	0.000555
1663	0.000550
810	0.000544
56	0.000543
800	0.000535
819	0.000506
1074	0.000503
774	0.000499
2642	0.000493
1536	0.000487
412	0.000483
322	0.000482
1954	0.000478
1173	0.000471
21	0.000469
1687	0.000461
1126	0.000458
67	0.000456
3861	0.000453
1621	0.000431
2199	0.000427
1835	0.000411
419	0.000404
422	0.000404
3674	0.000397
2283	0.000396
2512	0.000396
1376	0.000396
3173	0.000390
2143	0.000382
553	0.000382
3577	0.000380
925	0.000378
1553	0.000377
1450	0.000376
3592	0.000373
122	0.000373
798	0.000371
420	0.000371
1317	0.000368
460	0.000368
3525	0.000367
916	0.000358
641	0.000356
3454	0.000346
1086	0.000346
395	0.000343
315	0.000329
2038	0.000328
2081	0.000320
840	0.000317
1029	0.000316
1522	0.000315
1483	0.000315
708	0.000310
3501	0.000305
857	0.000301
500	0.000300
2328	0.000299
513	0.000298
1098	0.000298
1289	0.000297
497	0.000297
856	0.000297
304	0.000294
3440	0.000294
609	0.000293
2111	0.000289
1702	0.000289
1593	0.000281
1688	0.000276
2333	0.000272
1847	0.000271
1070	0.000271
1193	0.000269
3962	0.000269
1334	0.000268
1136	0.000261
2384	0.000259
2054	0.000259
1509	0.000254
1926	0.000251
285	0.000249
2176	0.000249
391	0.000249
3797	0.000244
3540	0.000244
772	0.000236
601	0.000234
213	0.000234
3750	0.000232
1537	0.000229
525	0.000225
1617	0.000224
3989	0.000224
3721	0.000222
3550	0.000219
1338	0.000218
3872	0.000217
3651	0.000217
370	0.000216
1540	0.000211
3886	0.000210
2292	0.000207
436	0.000204
1574	0.000202
169	0.000201
2132	0.000197
3263	0.000196
908	0.000193
921	0.000191
456	0.000189
3556	0.000185
804	0.000185
2282	0.000180
2247	0.000179
2509	0.000179
3692	0.000179
3101	0.000179
324	0.000179
2128	0.000177
2510	0.000175
465	0.000175
561	0.000171
2336	0.000171
339	0.000164
1590	0.000163
2102	0.000159
1369	0.000156
917	0.000156
2302	0.000156
590	0.000156
2419	0.000155
2032	0.000155
2072	0.000155
1806	0.000154
431	0.000154
2068	0.000153
542	0.000152
559	0.000152
400	0.000151
1178	0.000150
2598	0.000150
374	0.000149
3943	0.000146
2498	0.000145
1555	0.000144
2491	0.000139
2368	0.000139
1360	0.000138
1518	0.000138
2325	0.000137
3487	0.000137
1312	0.000137
2327	0.000137
2087	0.000135
2511	0.000135
1584	0.000132
1523	0.000132
492	0.000131
402	0.000129
2869	0.000129
1549	0.000128
2398	0.000126
1945	0.000124
1217	0.000123
1237	0.000121
2174	0.000121
1028	0.000120
461	0.000120
1545	0.000119
423	0.000119
2031	0.000119
1274	0.000117
531	0.000117
1618	0.000113
520	0.000113
2472	0.000111
1077	0.000109
507	0.000109
360	0.000108
1782	0.000108
387	0.000108
1358	0.000108
1513	0.000107
2629	0.000107
1182	0.000105
2399	0.000105
2451	0.000105
515	0.000105
2617	0.000104
1109	0.000103
1226	0.000100
2223	0.000100
1909	0.000099
1825	0.000098
503	0.000098
504	0.000096
2250	0.000095
524	0.000095
1783	0.000095
2344	0.000094
1911	0.000092
1013	0.000092
1327	0.000091
438	0.000090
2319	0.000090
308	0.000089
3723	0.000089
463	0.000088
1863	0.000087
2071	0.000087
2203	0.000086
7	0.000085
1947	0.000085
506	0.000084
604	0.000083
3385	0.000083
156	0.000083
432	0.000081
3741	0.000081
1197	0.000081
417	0.000081
2461	0.000081
378	0.000081
434	0.000080
80	0.000080
2417	0.000079
2153	0.000079
1425	0.000079
1431	0.000077
1800	0.000076
439	0.000076
2394	0.000075
2026	0.000075
455	0.000075
2138	0.000074
1511	0.000074
2471	0.000074
3111	0.000074
2127	0.000073
1959	0.000073
2294	0.000072
1307	0.000072
146	0.000071
2501	0.000070
3258	0.000070
2187	0.000069
1846	0.000069
645	0.000069
1730	0.000068
1485	0.000068
930	0.000068
2313	0.000067
1985	0.000066
2529	0.000066
2616	0.000065
397	0.000065
544	0.000065
1088	0.000065
1626	0.000064
3961	0.000064
3609	0.000063
1866	0.000063
2264	0.000063
1620	0.000062
405	0.000061
1408	0.000060
2042	0.000060
388	0.000060
2458	0.000060
591	0.000060
3020	0.000060
1692	0.000060
1888	0.000059
1320	0.000059
2116	0.000058
1458	0.000058
2547	0.000058
2279	0.000057
2508	0.000057
3265	0.000057
2233	0.000057
2951	0.000057
452	0.000057
2183	0.000056
1768	0.000056
683	0.000055
2649	0.000055
1128	0.000054
1487	0.000054
951	0.000054
3019	0.000054
1964	0.000054
2224	0.000054
427	0.000053
2608	0.000053
1435	0.000053
2149	0.000053
1328	0.000052
1948	0.000051
1939	0.000051
269	0.000051
1972	0.000051
1813	0.000051
2533	0.000050
408	0.000050
769	0.000050
556	0.000050
2730	0.000050
915	0.000049
2555	0.000049
1114	0.000049
1494	0.000049
3248	0.000049
404	0.000049
2389	0.000048
1604	0.000048
2385	0.000048
2592	0.000048
2267	0.000048
1440	0.000048
2594	0.000048
150	0.000048
2155	0.000048
546	0.000047
545	0.000047
2062	0.000047
103	0.000047
514	0.000047
2863	0.000047
3100	0.000047
3406	0.000046
896	0.000046
1277	0.000046
508	0.000046
2475	0.000046
2597	0.000046
2142	0.000045
2364	0.000045
962	0.000045
1778	0.000044
415	0.000044
1745	0.000044
1883	0.000044
1973	0.000043
1622	0.000043
1612	0.000043
3154	0.000043
946	0.000043
1827	0.000042
1210	0.000042
1995	0.000041
1238	0.000041
2588	0.000041
2171	0.000041
527	0.000040
2724	0.000040
392	0.000040
1374	0.000040
3397	0.000040
472	0.000039
2125	0.000039
1761	0.000039
1472	0.000039
1808	0.000039
2643	0.000039
1951	0.000039
416	0.000039
350	0.000039
2003	0.000039
3291	0.000039
2567	0.000038
457	0.000038
516	0.000038
1852	0.000038
554	0.000037
1377	0.000037
1104	0.000037
2463	0.000037
2284	0.000037
1480	0.000037
2053	0.000036
1567	0.000036
1916	0.000036
1598	0.000036
369	0.000036
1025	0.000035
469	0.000035
2180	0.000035
1746	0.000035
629	0.000035
1473	0.000035
1199	0.000034
3604	0.000034
1446	0.000033
2001	0.000033
1630	0.000033
2538	0.000033
1920	0.000032
2640	0.000032
1204	0.000032
2254	0.000032
2148	0.000032
1780	0.000032
1421	0.000032
1769	0.000032
1155	0.000032
3090	0.000032
1329	0.000032
510	0.000032
3280	0.000032
537	0.000031
2716	0.000031
3302	0.000031
1955	0.000031
634	0.000031
523	0.000031
3320	0.000031
444	0.000030
2459	0.000030
2144	0.000030
2039	0.000030
1427	0.000030
1179	0.000030
2018	0.000030
1591	0.000030
1146	0.000030
2004	0.000029
2239	0.000029
2225	0.000029
2502	0.000029
2194	0.000029
3233	0.000029
2839	0.000029
2754	0.000029
1844	0.000028
1998	0.000028
1705	0.000028
630	0.000028
1991	0.000028
1475	0.000028
549	0.000028
649	0.000028
2589	0.000028
2024	0.000028
1196	0.000028
3186	0.000028
2647	0.000028
2246	0.000028
2101	0.000028
1080	0.000027
1794	0.000027
1528	0.000027
3051	0.000027
1512	0.000027
3366	0.000027
1471	0.000027
25	0.000027
1694	0.000027
3363	0.000027
1559	0.000027
1175	0.000027
1235	0.000026
2526	0.000026
1588	0.000026
496	0.000026
473	0.000026
3426	0.000026
1881	0.000026
479	0.000026
3002	0.000026
1740	0.000026
2343	0.000026
3521	0.000026
1467	0.000026
1221	0.000026
1014	0.000026
1836	0.000026
3168	0.000026
1192	0.000026
3596	0.000026
2324	0.000026
3201	0.000026
1410	0.000025
357	0.000025
1674	0.000025
3330	0.000025
3140	0.000025
1390	0.000025
3198	0.000025
430	0.000025
3256	0.000025
1589	0.000025
1187	0.000025
2169	0.000024
1367	0.000024
1078	0.000024
3214	0.000024
2447	0.000024
2560	0.000024
3082	0.000024
1976	0.000024
3117	0.000024
1399	0.000023
2742	0.000023
3179	0.000023
1313	0.000023
87	0.000023
3162	0.000023
2372	0.000023
2946	0.000023
1803	0.000023
471	0.000023
1222	0.000023
3304	0.000023
2436	0.000022
120	0.000022
2332	0.000022
3136	0.000022
1305	0.000022
2583	0.000022
1804	0.000022
451	0.000022
1049	0.000022
518	0.000022
2241	0.000022
3545	0.000022
2378	0.000021
993	0.000021
953	0.000021
968	0.000021
2494	0.000021
1075	0.000021
1124	0.000021
3331	0.000021
1613	0.000021
2904	0.000021
3005	0.000021
646	0.000020
2883	0.000020
1391	0.000020
1932	0.000020
1786	0.000020
3011	0.000020
1343	0.000020
2659	0.000020
2445	0.000020
2278	0.000020
2009	0.000020
2764	0.000020
1255	0.000020
1833	0.000020
2065	0.000020
2134	0.000020
967	0.000020
3274	0.000020
3289	0.000020
277	0.000020
1637	0.000020
1052	0.000020
3038	0.000020
2027	0.000019
1529	0.000019
246	0.000019
3116	0.000019
3938	0.000019
3027	0.000019
2901	0.000019
1610	0.000019
3342	0.000019
1703	0.000019
2135	0.000019
2611	0.000019
3077	0.000019
1790	0.000019
3360	0.000019
2660	0.000019
2780	0.000019
1447	0.000019
2653	0.000019
1211	0.000019
995	0.000019
1557	0.000019
2778	0.000018
3386	0.000018
1861	0.000018
1373	0.000018
480	0.000018
3150	0.000018
3097	0.000018
1110	0.000018
2636	0.000018
1300	0.000018
1707	0.000018
1048	0.000018
570	0.000018
678	0.000018
3327	0.000018
2052	0.000018
705	0.000018
1683	0.000018
1469	0.000018
512	0.000018
2738	0.000018
2229	0.000018
2748	0.000017
1714	0.000017
1791	0.000017
1680	0.000017
3152	0.000017
1357	0.000017
2979	0.000017
3034	0.000017
2944	0.000017
1897	0.000017
3076	0.000017
3185	0.000017
3434	0.000017
482	0.000017
2976	0.000017
1148	0.000017
1551	0.000017
2137	0.000017
493	0.000017
2693	0.000017
1032	0.000016
2719	0.000016
2351	0.000016
3324	0.000016
1709	0.000016
1554	0.000016
776	0.000016
2377	0.000016
3017	0.000016
1828	0.000016
217	0.000016
1059	0.000016
3107	0.000016
1017	0.000016
1899	0.000016
2793	0.000016
2126	0.000016
1725	0.000016
3072	0.000016
558	0.000015
1893	0.000015
1839	0.000015
980	0.000015
1214	0.000015
1459	0.000015
1611	0.000015
1366	0.000015
3350	0.000015
1845	0.000015
2355	0.000015
1273	0.000015
1322	0.000014
1573	0.000014
2037	0.000014
1001	0.000014
1409	0.000014
2635	0.000014
2781	0.000014
1160	0.000014
1250	0.000014
1729	0.000014
2661	0.000014
1831	0.000014
1675	0.000014
3353	0.000014
1345	0.000014
3295	0.000014
407	0.000014
271	0.000014
2624	0.000014
2707	0.000014
3245	0.000014
639	0.000014
2813	0.000014
2966	0.000013
1817	0.000013
1006	0.000013
1460	0.000013
3412	0.000013
1184	0.000013
1515	0.000013
3411	0.000013
3084	0.000013
1331	0.000013
3035	0.000013
2157	0.000013
1720	0.000013
3026	0.000013
913	0.000013
2337	0.000013
1736	0.000013
1983	0.000013
2309	0.000013
2163	0.000013
3278	0.000013
1661	0.000013
1272	0.000013
1349	0.000013
163	0.000013
3705	0.000013
3104	0.000013
1283	0.000012
2191	0.000012
2877	0.000012
2060	0.000012
2694	0.000012
3396	0.000012
1871	0.000012
3584	0.000012
1122	0.000012
367	0.000012
2232	0.000012
1639	0.000012
1876	0.000012
1717	0.000012
2002	0.000012
2915	0.000012
2734	0.000012
2786	0.000012
435	0.000012
3335	0.000012
927	0.000012
669	0.000012
2677	0.000011
1894	0.000011
1330	0.000011
1166	0.000011
1864	0.000011
2881	0.000011
2151	0.000011
3232	0.000011
421	0.000011
1583	0.000011
3087	0.000011
978	0.000011
3253	0.000011
3680	0.000011
1697	0.000011
2571	0.000011
1569	0.000011
1600	0.000011
1867	0.000011
1488	0.000011
3001	0.000011
534	0.000011
2516	0.000011
2084	0.000011
1256	0.000011
1799	0.000011
3365	0.000011
3062	0.000011
2683	0.000011
1076	0.000011
3321	0.000011
3345	0.000011
3060	0.000011
1158	0.000011
1275	0.000011
3442	0.000011
1966	0.000011
2530	0.000011
2890	0.000011
2992	0.000011
3672	0.000011
2215	0.000011
1437	0.000011
2665	0.000010
3079	0.000010
2410	0.000010
3918	0.000010
557	0.000010
1159	0.000010
2298	0.000010
1191	0.000010
2787	0.000010
394	0.000010
3930	0.000010
1570	0.000010
2968	0.000010
3240	0.000010
1767	0.000010
1107	0.000010
3838	0.000010
1189	0.000010
252	0.000010
960	0.000010
3793	0.000010
1519	0.000010
3299	0.000010
2056	0.000010
3403	0.000010
1543	0.000010
2999	0.000010
511	0.000010
2729	0.000010
1902	0.000010
459	0.000010
1662	0.000010
1520	0.000010
2679	0.000010
26	0.000010
2928	0.000010
1337	0.000010
3347	0.000010
1371	0.000010
3222	0.000010
1628	0.000010
1940	0.000010
2958	0.000010
3355	0.000010
2330	0.000010
2478	0.000009
272	0.000009
1807	0.000009
947	0.000009
2413	0.000009
2395	0.000009
1185	0.000009
1003	0.000009
2758	0.000009
1332	0.000009
1645	0.000009
3506	0.000009
1699	0.000009
1284	0.000009
239	0.000009
2322	0.000009
2782	0.000009
1012	0.000009
1066	0.000009
2235	0.000009
1117	0.000009
1793	0.000009
1750	0.000009
1671	0.000009
729	0.000009
1502	0.000009
1614	0.000009
1882	0.000009
1227	0.000009
464	0.000009
2300	0.000009
3387	0.000009
1993	0.000009
2610	0.000009
2894	0.000009
1970	0.000009
1770	0.000009
1744	0.000009
2198	0.000009
1132	0.000009
2669	0.000009
1742	0.000009
3404	0.000009
1393	0.000009
2285	0.000009
1886	0.000009
3758	0.000009
2964	0.000009
3178	0.000009
3145	0.000009
2950	0.000009
2293	0.000009
2602	0.000009
1101	0.000009
1879	0.000009
1765	0.000009
1243	0.000008
2131	0.000008
897	0.000008
1041	0.000008
2345	0.000008
1823	0.000008
3593	0.000008
1516	0.000008
1010	0.000008
2927	0.000008
2040	0.000008
1456	0.000008
203	0.000008
1416	0.000008
3089	0.000008
9	0.000008
2150	0.000008
1561	0.000008
2956	0.000008
2936	0.000008
2145	0.000008
2093	0.000008
2550	0.000008
2376	0.000008
1449	0.000008
3113	0.000008
2069	0.000008
1757	0.000008
3078	0.000008
1479	0.000008
1429	0.000008
3054	0.000008
433	0.000008
2772	0.000008
1347	0.000008
1525	0.000008
824	0.000008
2892	0.000008
2582	0.000008
3000	0.000008
2544	0.000008
3267	0.000008
2785	0.000008
3049	0.000008
1563	0.000008
2865	0.000008
3369	0.000008
2986	0.000008
2943	0.000008
1261	0.000008
1153	0.000008
3172	0.000008
2210	0.000008
1259	0.000008
2913	0.000008
2604	0.000008
1496	0.000008
2668	0.000008
3362	0.000007
1669	0.000007
1269	0.000007
2361	0.000007
555	0.000007
1603	0.000007
2960	0.000007
694	0.000007
3351	0.000007
1436	0.000007
3417	0.000007
3611	0.000007
2259	0.000007
2185	0.000007
2218	0.000007
2334	0.000007
1609	0.000007
3177	0.000007
1230	0.000007
1868	0.000007
2833	0.000007
2226	0.000007
2955	0.000007
1123	0.000007
1170	0.000007
3906	0.000007
3118	0.000007
1913	0.000007
941	0.000007
2909	0.000007
541	0.000007
1495	0.000007
2196	0.000007
1504	0.000007
1608	0.000007
688	0.000007
2428	0.000007
2921	0.000007
2996	0.000007
982	0.000007
200	0.000007
543	0.000007
3586	0.000007
40	0.000007
3252	0.000007
2107	0.000007
1290	0.000007
781	0.000007
2989	0.000007
2841	0.000007
3182	0.000007
329	0.000007
3277	0.000007
1597	0.000007
3829	0.000007
1311	0.000007
2962	0.000007
1665	0.000007
1673	0.000007
1719	0.000007
2028	0.000007
1741	0.000007
2973	0.000007
1335	0.000007
1858	0.000007
2211	0.000007
924	0.000007
3361	0.000007
1246	0.000007
3344	0.000007
3115	0.000007
653	0.000007
1923	0.000007
2078	0.000007
1172	0.000007
2914	0.000007
3188	0.000007
1341	0.000007
1678	0.000007
1067	0.000006
1344	0.000006
2507	0.000006
1644	0.000006
1231	0.000006
3205	0.000006
3287	0.000006
3033	0.000006
189	0.000006
64	0.000006
2434	0.000006
2690	0.000006
1282	0.000006
2605	0.000006
3119	0.000006
2836	0.000006
1816	0.000006
1842	0.000006
2462	0.000006
3196	0.000006
2718	0.000006
3137	0.000006
1339	0.000006
3275	0.000006
592	0.000006
1024	0.000006
579	0.000006
654	0.000006
3224	0.000006
954	0.000006
1491	0.000006
1083	0.000006
991	0.000006
2429	0.000006
2206	0.000006
2806	0.000006
724	0.000006
2920	0.000006
170	0.000006
1685	0.000006
1689	0.000006
481	0.000006
2825	0.000006
3617	0.000006
332	0.000006
3296	0.000006
3319	0.000006
2910	0.000006
2676	0.000006
2871	0.000006
1026	0.000006
1809	0.000006
2553	0.000006
2240	0.000006
3568	0.000006
3526	0.000006
1242	0.000006
2088	0.000006
2499	0.000006
1820	0.000006
3272	0.000006
560	0.000006
1616	0.000006
2404	0.000006
2867	0.000006
1428	0.000006
368	0.000006
2777	0.000006
584	0.000006
3124	0.000006
973	0.000006
620	0.000006
2906	0.000006
3132	0.000006
2540	0.000006
1448	0.000006
2706	0.000006
1727	0.000006
2810	0.000005
2757	0.000005
1851	0.000005
1943	0.000005
2763	0.000005
2242	0.000005
3346	0.000005
53	0.000005
3191	0.000005
1004	0.000005
1724	0.000005
3288	0.000005
1576	0.000005
1872	0.000005
2925	0.000005
2603	0.000005
3971	0.000005
2172	0.000005
2711	0.000005
906	0.000005
1619	0.000005
2123	0.000005
1223	0.000005
1149	0.000005
3146	0.000005
1960	0.000005
1135	0.000005
1787	0.000005
2937	0.000005
2812	0.000005
1156	0.000005
1215	0.000005
3348	0.000005
614	0.000005
2916	0.000005
680	0.000005
1975	0.000005
2103	0.000005
188	0.000005
2875	0.000005
1125	0.000005
2339	0.000005
2420	0.000005
280	0.000005
2715	0.000005
3825	0.000005
2391	0.000005
2828	0.000005
2095	0.000005
1236	0.000005
1258	0.000005
2866	0.000005
2826	0.000005
2849	0.000005
3419	0.000005
1051	0.000005
618	0.000005
2751	0.000005
2800	0.000005
1636	0.000005
2369	0.000005
2551	0.000005
3204	0.000005
1721	0.000005
2331	0.000005
2755	0.000005
3298	0.000005
3395	0.000005
1596	0.000005
2273	0.000005
3056	0.000005
1668	0.000005
1650	0.000005
1752	0.000005
1677	0.000005
2919	0.000005
1129	0.000005
1037	0.000005
3966	0.000005
3261	0.000005
2590	0.000005
1810	0.000005
539	0.000005
3378	0.000005
2129	0.000005
3025	0.000005
942	0.000005
2184	0.000005
1304	0.000005
2575	0.000005
1019	0.000005
1453	0.000005
1095	0.000005
1020	0.000005
1843	0.000005
2317	0.000005
1079	0.000005
1514	0.000005
3420	0.000005
1412	0.000005
1789	0.000005
3764	0.000005
3341	0.000005
3968	0.000005
2662	0.000005
3409	0.000005
2564	0.000005
957	0.000005
2607	0.000005
199	0.000005
3332	0.000005
1497	0.000005
1735	0.000005
3052	0.000005
3279	0.000005
1548	0.000005
2664	0.000005
2775	0.000005
825	0.000005
2873	0.000005
1819	0.000005
1785	0.000005
3184	0.000005
449	0.000005
3529	0.000005
2397	0.000005
2338	0.000005
1722	0.000005
1482	0.000005
1571	0.000005
291	0.000005
2720	0.000005
3558	0.000005
2340	0.000005
3114	0.000005
1060	0.000005
1370	0.000005
2739	0.000005
3226	0.000005
2784	0.000005
3690	0.000005
1470	0.000005
2938	0.000005
1021	0.000005
827	0.000005
2537	0.000005
3219	0.000005
1984	0.000005
3046	0.000005
3800	0.000004
3081	0.000004
1444	0.000004
3255	0.000004
753	0.000004
359	0.000004
2741	0.000004
3455	0.000004
2236	0.000004
1113	0.000004
1860	0.000004
2412	0.000004
1547	0.000004
1779	0.000004
2438	0.000004
1423	0.000004
2244	0.000004
1205	0.000004
3945	0.000004
829	0.000004
1303	0.000004
1910	0.000004
3448	0.000004
3869	0.000004
2674	0.000004
2073	0.000004
1712	0.000004
1291	0.000004
2188	0.000004
3902	0.000004
2932	0.000004
355	0.000004
1359	0.000004
3211	0.000004
3842	0.000004
728	0.000004
966	0.000004
1280	0.000004
2049	0.000004
2750	0.000004
1209	0.000004
2832	0.000004
2783	0.000004
3259	0.000004
3010	0.000004
1106	0.000004
3195	0.000004
3464	0.000004
172	0.000004
3824	0.000004
1507	0.000004
1682	0.000004
2864	0.000004
644	0.000004
1531	0.000004
3303	0.000004
125	0.000004
2433	0.000004
934	0.000004
2464	0.000004
3782	0.000004
2156	0.000004
932	0.000004
1850	0.000004
2600	0.000004
2414	0.000004
2315	0.000004
1229	0.000004
2822	0.000004
3313	0.000004
2796	0.000004
186	0.000004
1849	0.000004
1754	0.000004
2173	0.000004
1605	0.000004
820	0.000004
1857	0.000004
236	0.000004
2064	0.000004
1462	0.000004
3187	0.000004
2728	0.000004
3022	0.000004
2387	0.000004
677	0.000004
3468	0.000004
1898	0.000004
3511	0.000004
313	0.000004
1267	0.000004
3073	0.000004
2994	0.000004
323	0.000004
2506	0.000004
2675	0.000004
3734	0.000004
3203	0.000004
2231	0.000004
1054	0.000004
784	0.000004
2646	0.000004
1538	0.000004
3415	0.000004
202	0.000004
1917	0.000004
2085	0.000004
3737	0.000004
3221	0.000004
3553	0.000004
2827	0.000004
1716	0.000004
997	0.000004
2161	0.000004
3120	0.000004
1056	0.000004
2409	0.000004
2601	0.000004
3821	0.000004
3018	0.000004
1706	0.000004
1183	0.000004
2939	0.000004
2335	0.000004
3738	0.000004
2348	0.000004
589	0.000004
1824	0.000004
82	0.000004
2396	0.000004
1885	0.000004
2154	0.000004
2795	0.000004
1946	0.000004
1938	0.000004
564	0.000004
1302	0.000004
3106	0.000004
1068	0.000004
1565	0.000004
1962	0.000004
2200	0.000004
3057	0.000004
770	0.000004
2988	0.000004
3207	0.000004
3629	0.000004
2220	0.000004
2488	0.000004
2518	0.000004
2411	0.000004
1011	0.000004
2063	0.000004
1826	0.000004
1686	0.000004
815	0.000004
1018	0.000004
2304	0.000004
2872	0.000004
2030	0.000004
1120	0.000004
1875	0.000004
1415	0.000004
1384	0.000004
2367	0.000004
3431	0.000004
1047	0.000004
261	0.000004
849	0.000003
2581	0.000003
994	0.000003
1774	0.000003
2713	0.000003
2271	0.000003
2615	0.000003
2745	0.000003
2759	0.000003
351	0.000003
2561	0.000003
1971	0.000003
2029	0.000003
3339	0.000003
23	0.000003
2425	0.000003
616	0.000003
1348	0.000003
3804	0.000003
2844	0.000003
2058	0.000003
2931	0.000003
1064	0.000003
547	0.000003
1979	0.000003
2222	0.000003
2520	0.000003
2443	0.000003
3086	0.000003
2341	0.000003
98	0.000003
3900	0.000003
2118	0.000003
2905	0.000003
2768	0.000003
3449	0.000003
3927	0.000003
3722	0.000003
2969	0.000003
1623	0.000003
487	0.000003
2392	0.000003
3926	0.000003
1837	0.000003
1660	0.000003
3810	0.000003
3576	0.000003
1986	0.000003
3625	0.000003
1392	0.000003
3422	0.000003
312	0.000003
3790	0.000003
2201	0.000003
1324	0.000003
1009	0.000003
1245	0.000003
2326	0.000003
2342	0.000003
2862	0.000003
1818	0.000003
2228	0.000003
1632	0.000003
1743	0.000003
3016	0.000003
2473	0.000003
3098	0.000003
1580	0.000003
3394	0.000003
2840	0.000003
3508	0.000003
2091	0.000003
462	0.000003
2121	0.000003
3149	0.000003
3148	0.000003
2854	0.000003
853	0.000003
3794	0.000003
1859	0.000003
2371	0.000003
2689	0.000003
2848	0.000003
961	0.000003
3605	0.000003
3036	0.000003
3612	0.000003
548	0.000003
1715	0.000003
3096	0.000003
1163	0.000003
1296	0.000003
3215	0.000003
695	0.000003
1288	0.000003
2753	0.000003
1271	0.000003
2323	0.000003
3293	0.000003
3328	0.000003
2623	0.000003
2275	0.000003
494	0.000003
398	0.000003
3924	0.000003
1667	0.000003
109	0.000003
1781	0.000003
1533	0.000003
1130	0.000003
3433	0.000003
1585	0.000003
3174	0.000003
2059	0.000003
2803	0.000003
118	0.000003
396	0.000003
2536	0.000003
1318	0.000003
1350	0.000003
1732	0.000003
2318	0.000003
1247	0.000003
739	0.000003
948	0.000003
1634	0.000003
3496	0.000003
2625	0.000003
2880	0.000003
2092	0.000003
2448	0.000003
446	0.000003
2558	0.000003
1925	0.000003
2381	0.000003
346	0.000003
1643	0.000003
2329	0.000003
409	0.000003
2500	0.000003
2090	0.000003
3158	0.000003
2449	0.000003
1298	0.000003
1062	0.000003
2043	0.000003
2819	0.000003
3460	0.000003
963	0.000003
2853	0.000003
1426	0.000003
1891	0.000003
1919	0.000003
2482	0.000003
2868	0.000003
3542	0.000003
1407	0.000003
2406	0.000003
48	0.000003
2743	0.000003
3628	0.000003
1994	0.000003
2112	0.000003
3075	0.000003
113	0.000003
3488	0.000003
2896	0.000003
1753	0.000003
2214	0.000003
3931	0.000003
1535	0.000003
1980	0.000003
361	0.000003
142	0.000003
1388	0.000003
2492	0.000003
3779	0.000003
2666	0.000003
1795	0.000003
2243	0.000003
2702	0.000003
3731	0.000003
3410	0.000003
1530	0.000003
3466	0.000003
2698	0.000003
2940	0.000003
1207	0.000003
19	0.000003
372	0.000003
1544	0.000003
2350	0.000003
2460	0.000003
2465	0.000003
3873	0.000003
3176	0.000002
2521	0.000002
1652	0.000002
1413	0.000002
3231	0.000002
2630	0.000002
1595	0.000002
458	0.000002
3947	0.000002
2593	0.000002
31	0.000002
2033	0.000002
1454	0.000002
3505	0.000002
2221	0.000002
1131	0.000002
999	0.000002
2104	0.000002
2440	0.000002
2366	0.000002
2354	0.000002
3212	0.000002
666	0.000002
3225	0.000002
2139	0.000002
535	0.000002
2430	0.000002
2993	0.000002
1404	0.000002
2712	0.000002
2586	0.000002
158	0.000002
3070	0.000002
3956	0.000002
1624	0.000002
3803	0.000002
1647	0.000002
1982	0.000002
3640	0.000002
1918	0.000002
2749	0.000002
2735	0.000002
2290	0.000002
2296	0.000002
41	0.000002
2945	0.000002
2045	0.000002
2644	0.000002
1161	0.000002
3514	0.000002
1278	0.000002
2573	0.000002
3891	0.000002
2773	0.000002
2140	0.000002
617	0.000002
3555	0.000002
3080	0.000002
3559	0.000002
3475	0.000002
3836	0.000002
88	0.000002
1268	0.000002
3400	0.000002
4030	0.000002
1035	0.000002
2474	0.000002
3129	0.000002
842	0.000002
1323	0.000002
2124	0.000002
4023	0.000002
964	0.000002
2257	0.000002
3276	0.000002
2911	0.000002
2870	0.000002
2631	0.000002
2619	0.000002
944	0.000002
528	0.000002
3702	0.000002
3719	0.000002
1040	0.000002
2207	0.000002
2667	0.000002
2295	0.000002
3223	0.000002
3297	0.000002
1492	0.000002
3239	0.000002
3826	0.000002
3747	0.000002
2423	0.000002
1862	0.000002
2363	0.000002
1566	0.000002
320	0.000002
2546	0.000002
3534	0.000002
2288	0.000002
2280	0.000002
766	0.000002
3831	0.000002
3469	0.000002
1181	0.000002
2818	0.000002
325	0.000002
1406	0.000002
3257	0.000002
3870	0.000002
2352	0.000002
1314	0.000002
1092	0.000002
1100	0.000002
3220	0.000002
1659	0.000002
2949	0.000002
2570	0.000002
2253	0.000002
3041	0.000002
2978	0.000002
1281	0.000002
3171	0.000002
3007	0.000002
1658	0.000002
1380	0.000002
2700	0.000002
2146	0.000002
1811	0.000002
334	0.000002
1772	0.000002
1309	0.000002
2147	0.000002
936	0.000002
2152	0.000002
2874	0.000002
933	0.000002
1477	0.000002
834	0.000002
2504	0.000002
3381	0.000002
2680	0.000002
3329	0.000002
773	0.000002
2299	0.000002
3247	0.000002
2190	0.000002
2807	0.000002
3284	0.000002
3393	0.000002
718	0.000002
2672	0.000002
2276	0.000002
1921	0.000002
2762	0.000002
687	0.000002
3206	0.000002
3693	0.000002
2725	0.000002
2655	0.000002
2618	0.000002
2696	0.000002
734	0.000002
2991	0.000002
1594	0.000002
1432	0.000002
3610	0.000002
1988	0.000002
3950	0.000002
1385	0.000002
2923	0.000002
1691	0.000002
2287	0.000002
3307	0.000002
2446	0.000002
1375	0.000002
2984	0.000002
3590	0.000002
3377	0.000002
2165	0.000002
1265	0.000002
1830	0.000002
3085	0.000002
782	0.000002
1099	0.000002
2934	0.000002
848	0.000002
2752	0.000002
1102	0.000002
1402	0.000002
1424	0.000002
2120	0.000002
1901	0.000002
1679	0.000002
1539	0.000002
1294	0.000002
2663	0.000002
1812	0.000002
3443	0.000002
2160	0.000002
2401	0.000002
342	0.000002
922	0.000002
3791	0.000002
3160	0.000002
3273	0.000002
3951	0.000002
1878	0.000002
1212	0.000002
3213	0.000002
2924	0.000002
3260	0.000002
1451	0.000002
2365	0.000002
905	0.000002
2856	0.000002
3373	0.000002
2379	0.000002
2083	0.000002
2858	0.000002
1575	0.000002
2887	0.000002
1121	0.000002
2974	0.000002
1169	0.000002
3301	0.000002
1670	0.000002
2356	0.000002
2845	0.000002
1142	0.000002
2559	0.000002
1908	0.000002
242	0.000002
3004	0.000002
2686	0.000002
2557	0.000002
2929	0.000002
3064	0.000002
489	0.000002
1219	0.000002
3435	0.000002
115	0.000002
1766	0.000002
1008	0.000002
2497	0.000002
175	0.000002
2622	0.000002
727	0.000002
1464	0.000002
726	0.000002
1751	0.000002
3234	0.000002
2637	0.000002
1127	0.000002
635	0.000002
3416	0.000002
2416	0.000002
2912	0.000002
2005	0.000002
2578	0.000002
1646	0.000002
3573	0.000002
2374	0.000002
3907	0.000002
1396	0.000002
249	0.000002
780	0.000002
1397	0.000002
1177	0.000002
3768	0.000002
787	0.000002
818	0.000002
3841	0.000002
1500	0.000002
1681	0.000002
2638	0.000002
1672	0.000002
2035	0.000002
2272	0.000002
3599	0.000002
3833	0.000002
3144	0.000002
3029	0.000002
3933	0.000002
3306	0.000002
1527	0.000002
1936	0.000002
3884	0.000002
3340	0.000002
1796	0.000002
1904	0.000002
1895	0.000002
3438	0.000002
3921	0.000002
2495	0.000002
2386	0.000002
573	0.000002
1578	0.000002
2480	0.000002
3264	0.000002
3909	0.000002
1526	0.000002
3499	0.000002
3383	0.000002
2023	0.000002
104	0.000002
3326	0.000002
3662	0.000002
797	0.000002
3237	0.000001
2260	0.000001
425	0.000001
224	0.000001
2010	0.000001
2645	0.000001
3169	0.000001
1321	0.000001
3615	0.000001
3711	0.000001
3822	0.000001
2756	0.000001
1942	0.000001
2620	0.000001
1240	0.000001
3645	0.000001
1418	0.000001
1737	0.000001
1441	0.000001
2815	0.000001
2074	0.000001
2057	0.000001
2737	0.000001
2897	0.000001
231	0.000001
833	0.000001
619	0.000001
2370	0.000001
62	0.000001
1564	0.000001
1445	0.000001
3138	0.000001
3164	0.000001
1306	0.000001
1195	0.000001
1738	0.000001
3337	0.000001
3142	0.000001
185	0.000001
3065	0.000001
1889	0.000001
3714	0.000001
2020	0.000001
2022	0.000001
3642	0.000001
2216	0.000001
3546	0.000001
2648	0.000001
2549	0.000001
1	0.000001
2075	0.000001
1927	0.000001
3166	0.000001
2556	0.000001
3316	0.000001
1655	0.000001
3364	0.000001
2889	0.000001
3294	0.000001
2308	0.000001
679	0.000001
204	0.000001
1734	0.000001
1935	0.000001
2202	0.000001
3208	0.000001
1541	0.000001
2061	0.000001
418	0.000001
1649	0.000001
3242	0.000001
3535	0.000001
2108	0.000001
2843	0.000001
3009	0.000001
2405	0.000001
3236	0.000001
2531	0.000001
2576	0.000001
141	0.000001
3380	0.000001
3384	0.000001
975	0.000001
2006	0.000001
2760	0.000001
811	0.000001
977	0.000001
3601	0.000001
636	0.000001
1260	0.000001
2859	0.000001
3823	0.000001
3157	0.000001
3043	0.000001
1929	0.000001
1355	0.000001
1542	0.000001
1877	0.000001
3193	0.000001
3285	0.000001
1422	0.000001
3554	0.000001
2681	0.000001
574	0.000001
1292	0.000001
2115	0.000001
2408	0.000001
3042	0.000001
3648	0.000001
2485	0.000001
3343	0.000001
754	0.000001
1641	0.000001
1552	0.000001
3881	0.000001
771	0.000001
2744	0.000001
3199	0.000001
1653	0.000001
1257	0.000001
130	0.000001
3374	0.000001
1508	0.000001
1225	0.000001
752	0.000001
817	0.000001
1638	0.000001
1082	0.000001
1587	0.000001
569	0.000001
984	0.000001
3110	0.000001
2614	0.000001
2393	0.000001
3108	0.000001
128	0.000001
2965	0.000001
3391	0.000001
983	0.000001
3828	0.000001
2851	0.000001
2789	0.000001
265	0.000001
3139	0.000001
3471	0.000001
3014	0.000001
2957	0.000001
2525	0.000001
2099	0.000001
1582	0.000001
3379	0.000001
161	0.000001
148	0.000001
1143	0.000001
2086	0.000001
3847	0.000001
1036	0.000001
1190	0.000001
3528	0.000001
3023	0.000001
3390	0.000001
764	0.000001
720	0.000001
3486	0.000001
3860	0.000001
2484	0.000001
2237	0.000001
3547	0.000001
2489	0.000001
959	0.000001
3470	0.000001
474	0.000001
2122	0.000001
3463	0.000001
1228	0.000001
1198	0.000001
2995	0.000001
2432	0.000001
3421	0.000001
3067	0.000001
952	0.000001
1398	0.000001
2286	0.000001
3123	0.000001
1434	0.000001
2539	0.000001
2612	0.000001
1841	0.000001
211	0.000001
822	0.000001
2277	0.000001
2159	0.000001
676	0.000001
2197	0.000001
2831	0.000001
1695	0.000001
3799	0.000001
1987	0.000001
413	0.000001
2566	0.000001
3103	0.000001
2823	0.000001
3998	0.000001
2476	0.000001
5	0.000001
2809	0.000001
1501	0.000001
1138	0.000001
2835	0.000001
3459	0.000001
445	0.000001
2426	0.000001
3430	0.000001
1965	0.000001
3564	0.000001
1091	0.000001
2654	0.000001
1112	0.000001
3740	0.000001
3964	0.000001
2765	0.000001
696	0.000001
94	0.000001
1299	0.000001
3706	0.000001
1763	0.000001
2067	0.000001
2048	0.000001
248	0.000001
137	0.000001
1805	0.000001
1007	0.000001
663	0.000001
610	0.000001
2985	0.000001
768	0.000001
2209	0.000001
3809	0.000001
2626	0.000001
3135	0.000001
1167	0.000001
795	0.000001
3480	0.000001
331	0.000001
2657	0.000001
1180	0.000001
736	0.000001
2307	0.000001
1150	0.000001
3760	0.000001
519	0.000001
2628	0.000001
3069	0.000001
132	0.000001
949	0.000001
2656	0.000001
2519	0.000001
1704	0.000001
3728	0.000001
3915	0.000001
1351	0.000001
1241	0.000001
3780	0.000001
2847	0.000001
792	0.000001
1997	0.000001
1944	0.000001
1903	0.000001
2212	0.000001
440	0.000001
1387	0.000001
3643	0.000001
971	0.000001
2453	0.000001
2357	0.000001
1201	0.000001
3858	0.000001
597	0.000001
2697	0.000001
2359	0.000001
1356	0.000001
3095	0.000001
354	0.000001
2181	0.000001
2523	0.000001
2791	0.000001
738	0.000001
1633	0.000001
2708	0.000001
3050	0.000001
814	0.000001
3621	0.000001
3786	0.000001
1340	0.000001
3635	0.000001
214	0.000001
976	0.000001
1870	0.000001
2673	0.000001
3105	0.000001
2297	0.000001
2684	0.000001
2727	0.000001
3949	0.000001
2820	0.000001
410	0.000001
1457	0.000001
2941	0.000001
1188	0.000001
3667	0.000001
939	0.000001
72	0.000001
3474	0.000001
2467	0.000001
133	0.000001
3024	0.000001
806	0.000001
3852	0.000001
3048	0.000001
3532	0.000001
3405	0.000001
2164	0.000001
919	0.000001
3300	0.000001
2055	0.000001
2587	0.000001
1733	0.000001
2577	0.000001
13	0.000001
1108	0.000001
931	0.000001
1266	0.000001
1615	0.000001
3292	0.000001
3538	0.000001
3359	0.000001
1696	0.000001
900	0.000001
3432	0.000001
3867	0.000001
3602	0.000001
3238	0.000001
3895	0.000001
3228	0.000001
3967	0.000001
1990	0.000001
2830	0.000001
3	0.000001
1213	0.000001
2109	0.000001
2114	0.000001
2261	0.000001
257	0.000001
450	0.000001
1072	0.000001
793	0.000001
1968	0.000001
907	0.000001
2997	0.000001
1635	0.000001
2455	0.000001
3286	0.000001
3510	0.000001
2829	0.000001
1452	0.000001
2709	0.000001
3759	0.000001
3707	0.000001
2761	0.000001
1000	0.000001
1285	0.000001
1308	0.000001
1900	0.000001
3549	0.000001
2797	0.000001
1832	0.000001
2534	0.000001
1503	0.000001
3982	0.000001
3254	0.000001
3170	0.000001
227	0.000001
2110	0.000001
3021	0.000001
3483	0.000001
2552	0.000001
845	0.000001
2574	0.000001
3563	0.000001
2192	0.000001
777	0.000001
1829	0.000001
3484	0.000001
1907	0.000001
3679	0.000001
2981	0.000001
57	0.000001
1411	0.000001
299	0.000001
1914	0.000001
3189	0.000001
111	0.000001
303	0.000001
230	0.000001
2082	0.000001
238	0.000001
2954	0.000001
3490	0.000001
2469	0.000001
763	0.000001
2731	0.000001
1202	0.000001
3718	0.000001
989	0.000001
2688	0.000001
2563	0.000001
1981	0.000001
839	0.000001
2983	0.000001
532	0.000001
362	0.000001
1952	0.000001
3539	0.000001
3524	0.000001
3536	0.000001
920	0.000001
4014	0.000001
3752	0.000001
3165	0.000001
1287	0.000001
3497	0.000001
1989	0.000001
1931	0.000001
3866	0.000001
3040	0.000001
2846	0.000001
2193	0.000001
1400	0.000001
2726	0.000001
748	0.000001
1139	0.000001
1606	0.000001
1728	0.000001
1747	0.000001
3518	0.000001
3357	0.000001
3896	0.000001
1749	0.000001
3855	0.000001
3491	0.000001
2179	0.000001
3249	0.000001
29	0.000001
2077	0.000001
84	0.000001
1053	0.000001
682	0.000001
3402	0.000001
2562	0.000001
835	0.000001
3624	0.000001
3210	0.000001
178	0.000001
3566	0.000001
1045	0.000001
437	0.000001
30	0.000001
3312	0.000001
2234	0.000001
3500	0.000001
3753	0.000001
3318	0.000001
3392	0.000001
2098	0.000001
3151	0.000001
1055	0.000001
2238	0.000001
3557	0.000001
1723	0.000001
3061	0.000001
871	0.000001
3032	0.000001
1855	0.000001
2948	0.000001
2011	0.000001
2346	0.000001
232	0.000001
1216	0.000001
3775	0.000001
3325	0.000001
3670	0.000001
1953	0.000001
403	0.000001
742	0.000001
2907	0.000001
3093	0.000001
2733	0.000001
847	0.000001
1315	0.000001
3687	0.000001
712	0.000001
2967	0.000001
2249	0.000001
3167	0.000001
426	0.000001
1097	0.000001
760	0.000001
3482	0.000001
3047	0.000001
184	0.000001
2641	0.000001
2477	0.000001
755	0.000001
1698	0.000001
850	0.000001
1957	0.000001
2627	0.000001
1382	0.000001
940	0.000001
3028	0.000001
2486	0.000001
2390	0.000001
1073	0.000001
3485	0.000001
701	0.000001
3850	0.000001
3399	0.000001
1379	0.000001
1562	0.000001
2316	0.000001
343	0.000001
1484	0.000001
310	0.000001
3533	0.000001
3763	0.000001
2427	0.000001
926	0.000001
3512	0.000001
3626	0.000001
799	0.000001
3710	0.000001
3969	0.000001
647	0.000001
1963	0.000001
3583	0.000001
1481	0.000001
116	0.000001
2882	0.000001
143	0.000001
159	0.000001
3013	0.000001
3697	0.000001
2076	0.000001
1058	0.000001
1103	0.000001
3066	0.000001
3244	0.000001
1815	0.000001
1325	0.000001
2717	0.000001
2036	0.000001
2291	0.000001
914	0.000001
903	0.000001
3784	0.000001
2213	0.000001
2953	0.000001
1676	0.000001
2119	0.000001
1023	0.000001
223	0.000001
2987	0.000001
2415	0.000001
2918	0.000001
981	0.000001
898	0.000001
3776	0.000001
1599	0.000001
2418	0.000001
3309	0.000001
3246	0.000001
2217	0.000001
3903	0.000001
1801	0.000001
3155	0.000001
732	0.000001
789	0.000001
3937	0.000001
1030	0.000001
3730	0.000001
2639	0.000001
1033	0.000001
1433	0.000001
1739	0.000001
3698	0.000001
3109	0.000001
2353	0.000001
3944	0.000001
568	0.000001
2407	0.000001
2535	0.000001
2554	0.000001
2046	0.000001
3767	0.000001
1999	0.000001
2532	0.000001
909	0.000001
326	0.000001
1244	0.000001
3979	0.000001
2633	0.000001
987	0.000001
1461	0.000001
2311	0.000001
1524	0.000001
807	0.000001
3153	0.000001
3761	0.000001
1701	0.000001
1043	0.000001
121	0.000001
1896	0.000001
2876	0.000001
3770	0.000001
758	0.000001
3880	0.000001
1279	0.000001
741	0.000001
3015	0.000001
1336	0.000001
2089	0.000001
714	0.000001
314	0.000001
2933	0.000001
1499	0.000001
3515	0.000001
3569	0.000001
2878	0.000001
988	0.000001
2162	0.000001
1906	0.000001
2723	0.000001
3683	0.000001
3636	0.000000
3102	0.000000
3659	0.000000
3960	0.000000
1934	0.000000
2303	0.000000
2585	0.000000
3792	0.000000
1232	0.000000
196	0.000000
498	0.000000
3726	0.000000
2710	0.000000
838	0.000000
2000	0.000000
1286	0.000000
1152	0.000000
488	0.000000
490	0.000000
2850	0.000000
3664	0.000000
3616	0.000000
1700	0.000000
2977	0.000000
1798	0.000000
3802	0.000000
3785	0.000000
39	0.000000
943	0.000000
3957	0.000000
1710	0.000000
1293	0.000000
3503	0.000000
1848	0.000000
1792	0.000000
1556	0.000000
831	0.000000
3190	0.000000
2403	0.000000
3720	0.000000
297	0.000000
3929	0.000000
2579	0.000000
2682	0.000000
685	0.000000
3458	0.000000
1365	0.000000
2685	0.000000
2658	0.000000
180	0.000000
1140	0.000000
258	0.000000
3068	0.000000
2893	0.000000
345	0.000000
3578	0.000000
2034	0.000000
625	0.000000
1144	0.000000
2310	0.000000
3862	0.000000
2306	0.000000
1118	0.000000
1342	0.000000
2572	0.000000
540	0.000000
495	0.000000
4004	0.000000
3671	0.000000
2766	0.000000
2373	0.000000
3543	0.000000
1572	0.000000
1389	0.000000
1629	0.000000
1015	0.000000
3835	0.000000
2490	0.000000
2360	0.000000
2208	0.000000
1922	0.000000
969	0.000000
3608	0.000000
3088	0.000000
2421	0.000000
3349	0.000000
144	0.000000
1310	0.000000
912	0.000000
1316	0.000000
836	0.000000
1154	0.000000
3192	0.000000
2314	0.000000
3476	0.000000
212	0.000000
2248	0.000000
2961	0.000000
992	0.000000
260	0.000000
2705	0.000000
3914	0.000000
3634	0.000000
99	0.000000
3509	0.000000
3713	0.000000
2805	0.000000
2041	0.000000
1532	0.000000
3209	0.000000
923	0.000000
2456	0.000000
470	0.000000
2170	0.000000
101	0.000000
2837	0.000000
2821	0.000000
1550	0.000000
3796	0.000000
96	0.000000
352	0.000000
2970	0.000000
3941	0.000000
3156	0.000000
1094	0.000000
521	0.000000
2591	0.000000
3888	0.000000
1081	0.000000
3358	0.000000
631	0.000000
1090	0.000000
1958	0.000000
901	0.000000
3462	0.000000
3269	0.000000
2771	0.000000
889	0.000000
813	0.000000
2747	0.000000
3623	0.000000
38	0.000000
375	0.000000
2097	0.000000
2903	0.000000
711	0.000000
59	0.000000
3845	0.000000
1087	0.000000
3774	0.000000
2942	0.000000
1873	0.000000
274	0.000000
3817	0.000000
4038	0.000000
3517	0.000000
655	0.000000
1089	0.000000
2769	0.000000
779	0.000000
2515	0.000000
3200	0.000000
3504	0.000000
3656	0.000000
302	0.000000
284	0.000000
2891	0.000000
1625	0.000000
1654	0.000000
1814	0.000000
2136	0.000000
3701	0.000000
4017	0.000000
3762	0.000000
65	0.000000
3530	0.000000
1364	0.000000
783	0.000000
92	0.000000
3551	0.000000
3620	0.000000
1880	0.000000
2044	0.000000
3229	0.000000
622	0.000000
20	0.000000
3571	0.000000
1248	0.000000
536	0.000000
2349	0.000000
22	0.000000
3771	0.000000
1822	0.000000
731	0.000000
3703	0.000000
2096	0.000000
3958	0.000000
1956	0.000000
3901	0.000000
3045	0.000000
3994	0.000000
3163	0.000000
2790	0.000000
938	0.000000
684	0.000000
3818	0.000000
2321	0.000000
902	0.000000
716	0.000000
3832	0.000000
2017	0.000000
3600	0.000000
1930	0.000000
2935	0.000000
3995	0.000000
1042	0.000000
565	0.000000
1134	0.000000
127	0.000000
3898	0.000000
4021	0.000000
3743	0.000000
3725	0.000000
3638	0.000000
134	0.000000
1218	0.000000
1174	0.000000
477	0.000000
3519	0.000000
2888	0.000000
1401	0.000000
1141	0.000000
3527	0.000000
2383	0.000000
1151	0.000000
3130	0.000000
3356	0.000000
1478	0.000000
4000	0.000000
722	0.000000
1517	0.000000
623	0.000000
2670	0.000000
3904	0.000000
778	0.000000
73	0.000000
730	0.000000
2861	0.000000
2895	0.000000
1137	0.000000
222	0.000000
3507	0.000000
1333	0.000000
1116	0.000000
765	0.000000
2804	0.000000
837	0.000000
2454	0.000000
1468	0.000000
2258	0.000000
442	0.000000
2450	0.000000
2262	0.000000
281	0.000000
1601	0.000000
4027	0.000000
885	0.000000
3241	0.000000
1234	0.000000
1773	0.000000
3520	0.000000
1050	0.000000
3522	0.000000
14	0.000000
4020	0.000000
1840	0.000000
2770	0.000000
737	0.000000
2545	0.000000
3194	0.000000
2402	0.000000
3478	0.000000
478	0.000000
2274	0.000000
2251	0.000000
197	0.000000
1115	0.000000
3425	0.000000
1378	0.000000
1764	0.000000
3548	0.000000
707	0.000000
100	0.000000
2301	0.000000
3141	0.000000
3493	0.000000
3658	0.000000
2255	0.000000
3418	0.000000
740	0.000000
50	0.000000
3614	0.000000
709	0.000000
3682	0.000000
3878	0.000000
85	0.000000
2186	0.000000
950	0.000000
3789	0.000000
123	0.000000
809	0.000000
3859	0.000000
1961	0.000000
1890	0.000000
970	0.000000
1928	0.000000
3591	0.000000
4002	0.000000
3916	0.000000
2019	0.000000
1093	0.000000
3243	0.000000
3133	0.000000
2105	0.000000
3627	0.000000
243	0.000000
3837	0.000000
904	0.000000
276	0.000000
2479	0.000000
2779	0.000000
3772	0.000000
3660	0.000000
2130	0.000000
1438	0.000000
612	0.000000
2947	0.000000
2678	0.000000
657	0.000000
3736	0.000000
2652	0.000000
1263	0.000000
956	0.000000
1915	0.000000
733	0.000000
3251	0.000000
626	0.000000
3868	0.000000
1784	0.000000
2265	0.000000
166	0.000000
2926	0.000000
194	0.000000
1708	0.000000
3622	0.000000
3099	0.000000
2834	0.000000
3452	0.000000
3618	0.000000
996	0.000000
786	0.000000
344	0.000000
2025	0.000000
551	0.000000
2794	0.000000
759	0.000000
295	0.000000
17	0.000000
3388	0.000000
2141	0.000000
105	0.000000
187	0.000000
3574	0.000000
2070	0.000000
664	0.000000
2400	0.000000
3894	0.000000
1869	0.000000
3812	0.000000
3769	0.000000
1044	0.000000
2435	0.000000
3908	0.000000
2522	0.000000
4026	0.000000
1476	0.000000
317	0.000000
3646	0.000000
251	0.000000
3428	0.000000
3039	0.000000
1203	0.000000
2990	0.000000
1933	0.000000
3161	0.000000
2701	0.000000
3262	0.000000
424	0.000000
3972	0.000000
28	0.000000
2362	0.000000
2424	0.000000
3644	0.000000
3159	0.000000
2650	0.000000
3492	0.000000
605	0.000000
2513	0.000000
935	0.000000
929	0.000000
2687	0.000000
3986	0.000000
3197	0.000000
192	0.000000
3863	0.000000
149	0.000000
583	0.000000
106	0.000000
3652	0.000000
54	0.000000
1489	0.000000
1039	0.000000
3216	0.000000
3580	0.000000
108	0.000000
3887	0.000000
2439	0.000000
633	0.000000
693	0.000000
3414	0.000000
615	0.000000
2811	0.000000
3777	0.000000
3473	0.000000
165	0.000000
533	0.000000
3632	0.000000
2524	0.000000
1884	0.000000
502	0.000000
588	0.000000
2884	0.000000
319	0.000000
89	0.000000
1756	0.000000
3446	0.000000
1254	0.000000
3754	0.000000
3940	0.000000
603	0.000000
176	0.000000
746	0.000000
2606	0.000000
794	0.000000
2816	0.000000
816	0.000000
2080	0.000000
3439	0.000000
168	0.000000
843	0.000000
3587	0.000000
177	0.000000
998	0.000000
3997	0.000000
661	0.000000
643	0.000000
600	0.000000
3290	0.000000
226	0.000000
1664	0.000000
3694	0.000000
2634	0.000000
453	0.000000
3976	0.000000
3441	0.000000
3663	0.000000
1381	0.000000
2651	0.000000
45	0.000000
3315	0.000000
3250	0.000000
3450	0.000000
965	0.000000
2886	0.000000
2959	0.000000
1602	0.000000
1162	0.000000
2703	0.000000
2166	0.000000
826	0.000000
3227	0.000000
691	0.000000
2802	0.000000
3531	0.000000
681	0.000000
3678	0.000000
3544	0.000000
587	0.000000
330	0.000000
229	0.000000
2008	0.000000
1463	0.000000
2466	0.000000
486	0.000000
3654	0.000000
3641	0.000000
259	0.000000
91	0.000000
8	0.000000
2051	0.000000
2227	0.000000
1974	0.000000
1084	0.000000
1164	0.000000
1220	0.000000
3696	0.000000
318	0.000000
3685	0.000000
3893	0.000000
3083	0.000000
3477	0.000000
522	0.000000
3905	0.000000
3778	0.000000
767	0.000000
3012	0.000000
77	0.000000
2972	0.000000
3757	0.000000
662	0.000000
75	0.000000
3727	0.000000
3988	0.000000
1249	0.000000
3724	0.000000
1592	0.000000
311	0.000000
4009	0.000000
219	0.000000
2487	0.000000
2281	0.000000
2584	0.000000
3585	0.000000
3917	0.000000
974	0.000000
1057	0.000000
796	0.000000
1168	0.000000
3934	0.000000
1771	0.000000
3970	0.000000
2452	0.000000
529	0.000000
2113	0.000000
3607	0.000000
870	0.000000
3843	0.000000
671	0.000000
1777	0.000000
3314	0.000000
611	0.000000
593	0.000000
2320	0.000000
3739	0.000000
2908	0.000000
3472	0.000000
846	0.000000
278	0.000000
659	0.000000
658	0.000000
627	0.000000
578	0.000000
2050	0.000000
3631	0.000000
1368	0.000000
955	0.000000
117	0.000000
599	0.000000
1838	0.000000
723	0.000000
4019	0.000000
3827	0.000000
2388	0.000000
3913	0.000000
1821	0.000000
1607	0.000000
1147	0.000000
1038	0.000000
364	0.000000
3502	0.000000
1949	0.000000
3805	0.000000
675	0.000000
650	0.000000
1992	0.000000
16	0.000000
2917	0.000000
3920	0.000000
3745	0.000000
3092	0.000000
3773	0.000000
2175	0.000000
69	0.000000
821	0.000000
632	0.000000
1354	0.000000
3217	0.000000
986	0.000000
1133	0.000000
1295	0.000000
1797	0.000000
2609	0.000000
3673	0.000000
3271	0.000000
1713	0.000000
1711	0.000000
1417	0.000000
757	0.000000
275	0.000000
245	0.000000
193	0.000000
190	0.000000
181	0.000000
152	0.000000
49	0.000000
4	0.000000
3128	0.000000
266	0.000000
1748	0.000000
710	0.000000
55	0.000000
1363	0.000000
2801	0.000000
1061	0.000000
1301	0.000000
3498	0.000000
3235	0.000000
1568	0.000000
3371	0.000000
3461	0.000000
509	0.000000
2514	0.000000
3447	0.000000
1978	0.000000
2312	0.000000
1069	0.000000
126	0.000000
756	0.000000
1319	0.000000
3283	0.000000
2205	0.000000
3323	0.000000
598	0.000000
3637	0.000000
3044	0.000000
206	0.000000
124	0.000000
3890	0.000000
1063	0.000000
972	0.000000
337	0.000000
2971	0.000000
762	0.000000
2503	0.000000
3053	0.000000
3333	0.000000
640	0.000000
3661	0.000000
3819	0.000000
1648	0.000000
382	0.000000
751	0.000000
3996	0.000000
890	0.000000
1874	0.000000
844	0.000000
876	0.000000
863	0.000000
881	0.000000
290	0.000000
68	0.000000
225	0.000000
341	0.000000
491	0.000000
1788	0.000000
3423	0.000000
867	0.000000
390	0.000000
3202	0.000000
1251	0.000000
3657	0.000000
1493	0.000000
3598	0.000000
2015	0.000000
24	0.000000
864	0.000000
3675	0.000000
283	0.000000
254	0.000000
3655	0.000000
3063	0.000000
385	0.000000
958	0.000000
2305	0.000000
3382	0.000000
2066	0.000000
879	0.000000
429	0.000000
3999	0.000000
3978	0.000000
3665	0.000000
3121	0.000000
2527	0.000000
1264	0.000000
1194	0.000000
406	0.000000
307	0.000000
3427	0.000000
3338	0.000000
2270	0.000000
670	0.000000
3305	0.000000
3457	0.000000
1950	0.000000
3923	0.000000
2263	0.000000
3912	0.000000
3603	0.000000
861	0.000000
3436	0.000000
704	0.000000
3806	0.000000
2358	0.000000
985	0.000000
3595	0.000000
2776	0.000000
338	0.000000
1443	0.000000
3814	0.000000
2444	0.000000
2613	0.000000
3839	0.000000
3494	0.000000
1977	0.000000
3882	0.000000
893	0.000000
665	0.000000
300	0.000000
3735	0.000000
3537	0.000000
2016	0.000000
878	0.000000
1031	0.000000
4013	0.000000
812	0.000000
3567	0.000000
2746	0.000000
2021	0.000000
1853	0.000000
3985	0.000000
3963	0.000000
895	0.000000
866	0.000000
66	0.000000
3112	0.000000
93	0.000000
3513	0.000000
1297	0.000000
237	0.000000
83	0.000000
51	0.000000
140	0.000000
1731	0.000000
333	0.000000
2879	0.000000
505	0.000000
702	0.000000
869	0.000000
2158	0.000000
937	0.000000
1200	0.000000
3874	0.000000
3883	0.000000
3695	0.000000
3649	0.000000
3613	0.000000
3562	0.000000
3479	0.000000
689	0.000000
3630	0.000000
3742	0.000000
3619	0.000000
2437	0.000000
1442	0.000000
1498	0.000000
575	0.000000
2900	0.000000
2528	0.000000
2012	0.000000
979	0.000000
3840	0.000000
3681	0.000000
761	0.000000
2695	0.000000
3552	0.000000
2	0.000000
60	0.000000
1005	0.000000
3523	0.000000
3481	0.000000
1640	0.000000
577	0.000000
347	0.000000
3308	0.000000
3647	0.000000
3389	0.000000
3815	0.000000
3892	0.000000
4037	0.000000
3787	0.000000
1157	0.000000
1239	0.000000
3932	0.000000
791	0.000000
3579	0.000000
3465	0.000000
3030	0.000000
3834	0.000000
2014	0.000000
3334	0.000000
340	0.000000
882	0.000000
788	0.000000
721	0.000000
3889	0.000000
3993	0.000000
3755	0.000000
2182	0.000000
3712	0.000000
1759	0.000000
3816	0.000000
3801	0.000000
3751	0.000000
2975	0.000000
2952	0.000000
2714	0.000000
2178	0.000000
1937	0.000000
1760	0.000000
1693	0.000000
1353	0.000000
411	0.000000
386	0.000000
383	0.000000
356	0.000000
301	0.000000
247	0.000000
240	0.000000
179	0.000000
95	0.000000
81	0.000000
61	0.000000
1887	0.000000
2177	0.000000
3281	0.000000
162	0.000000
3788	0.000000
700	0.000000
3008	0.000000
3715	0.000000
371	0.000000
3058	0.000000
3981	0.000000
3398	0.000000
621	0.000000
3606	0.000000
3368	0.000000
2699	0.000000
880	0.000000
725	0.000000
3516	0.000000
3541	0.000000
562	0.000000
10	0.000000
3977	0.000000
2094	0.000000
832	0.000000
221	0.000000
2982	0.000000
690	0.000000
2013	0.000000
2898	0.000000
808	0.000000
3370	0.000000
530	0.000000
167	0.000000
129	0.000000
1186	0.000000
706	0.000000
1802	0.000000
3973	0.000000
2496	0.000000
3795	0.000000
2245	0.000000
3954	0.000000
2998	0.000000
2548	0.000000
2106	0.000000
1105	0.000000
1002	0.000000
790	0.000000
552	0.000000
501	0.000000
441	0.000000
399	0.000000
384	0.000000
270	0.000000
253	0.000000
182	0.000000
174	0.000000
157	0.000000
155	0.000000
97	0.000000
235	0.000000
1865	0.000000
3975	0.000000
3708	0.000000
381	0.000000
3367	0.000000
1905	0.000000
298	0.000000
2852	0.000000
2256	0.000000
268	0.000000
2568	0.000000
151	0.000000
2493	0.000000
628	0.000000
2963	0.000000
2632	0.000000
3953	0.000000
3849	0.000000
3588	0.000000
3444	0.000000
3429	0.000000
3375	0.000000
3310	0.000000
2422	0.000000
1510	0.000000
884	0.000000
294	0.000000
27	0.000000
582	0.000000
4018	0.000000
3352	0.000000
3354	0.000000
3218	0.000000
3122	0.000000
380	0.000000
2580	0.000000
928	0.000000
36	0.000000
2599	0.000000
715	0.000000
1439	0.000000
365	0.000000
3094	0.000000
466	0.000000
1924	0.000000
3925	0.000000
3848	0.000000
3749	0.000000
3270	0.000000
3127	0.000000
3074	0.000000
3055	0.000000
2774	0.000000
2621	0.000000
2565	0.000000
1996	0.000000
894	0.000000
147	0.000000
6	0.000000
672	0.000000
1490	0.000000
3783	0.000000
250	0.000000
1506	0.000000
79	0.000000
3857	0.000000
3952	0.000000
3143	0.000000
1474	0.000000
874	0.000000
872	0.000000
296	0.000000
263	0.000000
3311	0.000000
735	0.000000
3594	0.000000
3581	0.000000
208	0.000000
2692	0.000000
4011	0.000000
3991	0.000000
3946	0.000000
3781	0.000000
3322	0.000000
3181	0.000000
3180	0.000000
3131	0.000000
3126	0.000000
2930	0.000000
2732	0.000000
2481	0.000000
289	0.000000
164	0.000000
3424	0.000000
3266	0.000000
1111	0.000000
1022	0.000000
886	0.000000
349	0.000000
2799	0.000000
1631	0.000000
3936	0.000000
3766	0.000000
139	0.000000
3865	0.000000
2252	0.000000
595	0.000000
576	0.000000
3876	0.000000
2798	0.000000
2230	0.000000
1892	0.000000
3666	0.000000
3668	0.000000
1579	0.000000
3919	0.000000
3871	0.000000
3639	0.000000
2899	0.000000
3928	0.000000
3175	0.000000
288	0.000000
1414	0.000000
1775	0.000000
2442	0.000000
4036	0.000000
4035	0.000000
4034	0.000000
4033	0.000000
4032	0.000000
4029	0.000000
4028	0.000000
4025	0.000000
4024	0.000000
4022	0.000000
4016	0.000000
4015	0.000000
4012	0.000000
4010	0.000000
4008	0.000000
4007	0.000000
4006	0.000000
4005	0.000000
4003	0.000000
4001	0.000000
3992	0.000000
3990	0.000000
3987	0.000000
3984	0.000000
3983	0.000000
3974	0.000000
3965	0.000000
3959	0.000000
3955	0.000000
3942	0.000000
3939	0.000000
3935	0.000000
3922	0.000000
3911	0.000000
3910	0.000000
3899	0.000000
3897	0.000000
3885	0.000000
3879	0.000000
3875	0.000000
3864	0.000000
3856	0.000000
3854	0.000000
3853	0.000000
3846	0.000000
3844	0.000000
3820	0.000000
3813	0.000000
3811	0.000000
3808	0.000000
3807	0.000000
3798	0.000000
3765	0.000000
3748	0.000000
3746	0.000000
3744	0.000000
3733	0.000000
3732	0.000000
3729	0.000000
3717	0.000000
3716	0.000000
3709	0.000000
3704	0.000000
3700	0.000000
3699	0.000000
3691	0.000000
3689	0.000000
3688	0.000000
3686	0.000000
3676	0.000000
3669	0.000000
3653	0.000000
3650	0.000000
3597	0.000000
3589	0.000000
3582	0.000000
3575	0.000000
3572	0.000000
3570	0.000000
3565	0.000000
3560	0.000000
3489	0.000000
3467	0.000000
3453	0.000000
3451	0.000000
3445	0.000000
3413	0.000000
3408	0.000000
3407	0.000000
3401	0.000000
3376	0.000000
3372	0.000000
3336	0.000000
3317	0.000000
3282	0.000000
3268	0.000000
3230	0.000000
3183	0.000000
3147	0.000000
3134	0.000000
3125	0.000000
3091	0.000000
3071	0.000000
3059	0.000000
3037	0.000000
3031	0.000000
3006	0.000000
3003	0.000000
2980	0.000000
2922	0.000000
2902	0.000000
2885	0.000000
2860	0.000000
2857	0.000000
2855	0.000000
2842	0.000000
2838	0.000000
2824	0.000000
2817	0.000000
2814	0.000000
2808	0.000000
2792	0.000000
2788	0.000000
2767	0.000000
2740	0.000000
2736	0.000000
2722	0.000000
2721	0.000000
2704	0.000000
2691	0.000000
2671	0.000000
2596	0.000000
2595	0.000000
2569	0.000000
2541	0.000000
2517	0.000000
2505	0.000000
2483	0.000000
2470	0.000000
2457	0.000000
2441	0.000000
2431	0.000000
2382	0.000000
2380	0.000000
2375	0.000000
2269	0.000000
2219	0.000000
2204	0.000000
2195	0.000000
2168	0.000000
2167	0.000000
2100	0.000000
2079	0.000000
1969	0.000000
1967	0.000000
1856	0.000000
1854	0.000000
1834	0.000000
1776	0.000000
1762	0.000000
1755	0.000000
1690	0.000000
1657	0.000000
1651	0.000000
1627	0.000000
1586	0.000000
1581	0.000000
1560	0.000000
1558	0.000000
1546	0.000000
1521	0.000000
1486	0.000000
1466	0.000000
1455	0.000000
1430	0.000000
1403	0.000000
1395	0.000000
1394	0.000000
1386	0.000000
1383	0.000000
1372	0.000000
1362	0.000000
1346	0.000000
1326	0.000000
1276	0.000000
1270	0.000000
1262	0.000000
1253	0.000000
1252	0.000000
1233	0.000000
1224	0.000000
1208	0.000000
1206	0.000000
1176	0.000000
1145	0.000000
1119	0.000000
1096	0.000000
1071	0.000000
1065	0.000000
1046	0.000000
1034	0.000000
1027	0.000000
1016	0.000000
945	0.000000
918	0.000000
911	0.000000
910	0.000000
899	0.000000
892	0.000000
891	0.000000
888	0.000000
887	0.000000
883	0.000000
877	0.000000
875	0.000000
873	0.000000
868	0.000000
865	0.000000
859	0.000000
858	0.000000
855	0.000000
854	0.000000
852	0.000000
851	0.000000
841	0.000000
802	0.000000
801	0.000000
785	0.000000
775	0.000000
750	0.000000
749	0.000000
744	0.000000
743	0.000000
717	0.000000
699	0.000000
692	0.000000
674	0.000000
673	0.000000
668	0.000000
667	0.000000
660	0.000000
656	0.000000
652	0.000000
648	0.000000
642	0.000000
638	0.000000
624	0.000000
613	0.000000
608	0.000000
607	0.000000
602	0.000000
586	0.000000
585	0.000000
581	0.000000
572	0.000000
571	0.000000
550	0.000000
499	0.000000
485	0.000000
476	0.000000
468	0.000000
467	0.000000
454	0.000000
448	0.000000
447	0.000000
443	0.000000
401	0.000000
393	0.000000
379	0.000000
377	0.000000
358	0.000000
336	0.000000
335	0.000000
328	0.000000
327	0.000000
321	0.000000
316	0.000000
309	0.000000
306	0.000000
305	0.000000
293	0.000000
292	0.000000
287	0.000000
286	0.000000
282	0.000000
279	0.000000
273	0.000000
267	0.000000
264	0.000000
262	0.000000
256	0.000000
255	0.000000
244	0.000000
241	0.000000
234	0.000000
233	0.000000
228	0.000000
220	0.000000
218	0.000000
216	0.000000
215	0.000000
210	0.000000
209	0.000000
207	0.000000
205	0.000000
201	0.000000
195	0.000000
191	0.000000
183	0.000000
160	0.000000
154	0.000000
153	0.000000
145	0.000000
138	0.000000
135	0.000000
131	0.000000
114	0.000000
112	0.000000
110	0.000000
102	0.000000
90	0.000000
86	0.000000
78	0.000000
76	0.000000
74	0.000000
71	0.000000
70	0.000000
63	0.000000
52	0.000000
47	0.000000
46	0.000000
44	0.000000
43	0.000000
42	0.000000
37	0.000000
35	0.000000
33	0.000000
32	0.000000
18	0.000000
15	0.000000
12	0.000000
11	0.000000
